25.3869576363,36.4277303052
25.3871504837,36.4278530257
25.3874134579,36.4278530257
25.3876764321,36.4276251121
25.3877640865,36.427467331
25.3879394008,36.4272569505
25.388202375,36.4270816362
25.3884478161,36.4269764431
25.3887283234,36.4267660682
25.3888685771,36.4270641031
25.3889912976,36.4272920111
25.3892016781,36.4274322648
25.3895347736,36.427467331
25.3898152809,36.4274322648
25.3901308488,36.4272569505
25.390481483,36.4268712557
25.3907269241,36.4266082815
25.3909723652,36.4262050536
25.3912353394,36.426503094
25.3913054663,36.4268011289
25.3914807805,36.4269764431
25.3917612823,36.4270816362
25.3921165102,36.4271449003
25.3924585422,36.4272728836
25.3927703861,36.4273382996
25.3930466732,36.4274027679
25.3933046858,36.4274782578
25.3935429241,36.4276179149
25.3937281785,36.427771147
25.393912368,36.4278540348
25.3941149771,36.427936917
25.3943175861,36.4279921756
25.3945846635,36.4280290146
25.394824106,36.4280842731
25.3951119945,36.4281518912
25.3953830914,36.4282258257
25.3955227485,36.4283408362
25.3956131123,36.4287022968
25.3957527694,36.4289733937
25.3960765994,36.4292999275
25.3964357743,36.429613048
25.3967070161,36.4297782773
25.3968876265,36.429903317
25.3972210677,36.4300005714
25.3975822997,36.4300422494
25.3978740572,36.4300283567
25.3983186454,36.4299311024
25.3986166468,36.4298848418
25.3988660015,36.4297732878
25.3990891039,36.4296092404
25.3991875346,36.4294780013
25.3993712725,36.429313954
25.3995808224,36.4291812654
25.3997846746,36.4289924153
25.3999410788,36.4288672362
25.4001324544,36.4286905672
25.4002965074,36.4284871442
25.4004343081,36.4283230968
25.4005917938,36.4281787344
25.4007164712,36.4280409337
25.4008739569,36.427863763
25.4011101882,36.4276931484
25.4013201673,36.427548786
25.4015432753,36.4274241087
25.4017335694,36.4273125602
25.4018779318,36.4271485073
25.4019698008,36.4269319665
25.4019698008,36.4274044236
25.4019894858,36.4276340933
25.4020704837,36.4278678773
25.4021354314,36.4281998299
25.4022148126,36.4286905449
25.4023556461,36.4290417811
25.4025900656,36.4293544557
25.4029015973,36.4296486104
25.403262506,36.4298389045
25.4038538426,36.4299727024
25.4042796043,36.4300488891
25.4047993032,36.4301036125
25.4051195374,36.4300620125
25.4053557631,36.4299832724
25.4057232335,36.4298126578
25.4060972656,36.4296289254
25.4063859903,36.4294926411
25.4066787569,36.4293755344
25.4069861576,36.4291852348
25.4073447806,36.4290563261
25.4076356907,36.4289836013
25.4078829659,36.4288817811
25.4080575165,36.428765416
25.4083161367,36.4285523149
25.4085990914,36.4283754731
25.4088820405,36.4283224167
25.4091296224,36.428233993
25.4093772098,36.428110202
25.4095717353,36.4278626202
25.409660159,36.4276504055
25.409730899,36.4273497672
25.4098370064,36.4270314452
25.4100138482,36.426872287
25.4102791193,36.4267661797
25.4105725158,36.4265942773
25.4107042565,36.4263893435
25.410774283,36.4261649031
25.4108213632,36.4259501965
25.410850637,36.4257306229
25.4109823834,36.4255696027
25.4111456614,36.4253514174
25.411287136,36.4250330954
25.411287136,36.4246263498
25.4112061994,36.4241395874
25.4111102942,36.4237067567
25.4108627067,36.4230877965
25.4107015806,36.4224751637
25.4106504921,36.421991356
25.4105267011,36.4215846104
25.4104559666,36.4211424975
25.4101906956,36.4208595484
25.4098289673,36.4205263247
25.4101489227,36.4203227177
25.4105561478,36.4202063693
25.4109948544,36.4202405435
25.4115451095,36.420351802
25.411952329,36.4206426731
25.4123013743,36.4207881114
25.4126488475,36.420877232
25.412914113,36.4208418647
25.4131970677,36.4206473337
25.4133562259,36.4204528027
25.4134800168,36.4202405881
25.4137099151,36.4201167971
25.4139928698,36.4201344808
25.4143665618,36.4203227177
25.4147156071,36.420351802
25.4150937423,36.4202063693
25.415655214,36.4199399498
25.4162211179,36.4196923679
25.4168223945,36.4194801532
25.4175952391,36.4193628403
25.4183786315,36.4193386787
25.4193155011,36.4190748682
25.4198288224,36.4187463442
25.420280552,36.4183767498
25.4205474788,36.4180071553
25.4210197409,36.4174938285
25.4214509325,36.4170215665
25.4217999945,36.4165698424
25.421968591,36.4162085156
25.4221100656,36.4158371428
25.4223576531,36.4154657644
25.4227290259,36.4151651316
25.4229235569,36.4149352334
25.4230296642,36.4147230187
25.4230473478,36.4144931205
25.4228881841,36.414369324
25.4225344949,36.4144577477
25.4223045966,36.4145108041
25.4221631221,36.4144046968
25.4221277492,36.4141571093
25.4222722565,36.4139826759
25.4225802538,36.4137362815
25.4228471806,36.4134488166
25.4231551778,36.413140825
25.4232949297,36.4126539288
25.4235071444,36.4123709741
25.423689037,36.4119088417
25.423689037,36.4108411233
25.4235453046,36.4100197992
25.4235042398,36.4095680752
25.4234015722,36.4090958132
25.4232373074,36.4088494187
25.4228061158,36.4083566243
25.4223930203,36.4080736362
25.4218624837,36.4078614215
25.4216856363,36.4076492069
25.4216679527,36.4073662522
25.4218271165,36.4071363539
25.4221277492,36.407012563
25.4223399639,36.4067119247
25.4223543862,36.4063854522
25.4222311917,36.4060363957
25.4221079917,36.4056257309
25.4220669269,36.4052561365
25.422169589,36.4048865421
25.4223045966,36.4046428348
25.4222517241,36.4043321504
25.4222722565,36.403859894
25.4222311917,36.4033465672
25.4223133214,36.4029153699
25.4223930203,36.4025383776
25.4225875513,36.402202372
25.4229058733,36.4018840501
25.4231003987,36.4017072027
25.4231711388,36.4013358299
25.4231551778,36.4006362062
25.4231357715,36.4001332821
25.4230650315,36.3997795929
25.4229058733,36.3995143219
25.4226229186,36.39926674
25.4223222802,36.3991606327
25.4217178649,36.3991578285
25.4213072057,36.3991783609
25.4209170733,36.3990756933
25.420629614,36.3989114285
25.4204448168,36.3986855665
25.4202531903,36.3985239888
25.4199702412,36.3984532543
25.4197757102,36.3985063051
25.4195281283,36.3986300961
25.4191921227,36.3986654689
25.4188914844,36.3986300961
25.4185377952,36.3984709379
25.4181487332,36.3983117741
25.4177596712,36.3981349323
25.4173237966,36.39796691
25.416872067,36.3979053128
25.4164819402,36.3979874424
25.4161944754,36.3980490396
25.4156375304,36.398028825
25.4154076321,36.3980818759
25.4151777339,36.3982056668
25.4150362538,36.3981879832
25.4147982328,36.3979258452
25.4145929032,36.3976383804
25.4141411736,36.3972071887
25.4135658593,36.396924195
25.41311452,36.3967759915
25.4126627959,36.3964474675
25.4124985311,36.3961189379
25.4124164015,36.3958725379
25.4124164015,36.395605611
25.4125190635,36.395379749
25.4125395959,36.395030687
25.4124369339,36.3946200278
25.4124574663,36.3943120306
25.4123342663,36.3939835009
25.4121536781,36.3936961142
25.4118620043,36.3932853769
25.4116361422,36.3928747177
25.4116156098,36.392443526
25.4114924098,36.3920328612
25.411348683,36.391745402
25.4113076126,36.3915400724
25.4113692154,36.39127314
25.4111987123,36.3910434368
25.4111102942,36.3907427985
25.4111987123,36.3905482675
25.4112694524,36.3902653184
25.411163345,36.3900177309
25.4107942914,36.389733165
25.410424697,36.3895483678
25.4100756349,36.389260903
25.4096650259,36.3890338703
25.4092543109,36.3889939706
25.4089668461,36.3888297114
25.4086588544,36.3885833114
25.4083713896,36.3883163846
25.4075090008,36.3877414605
25.4069135443,36.3873307957
25.4057842287,36.3867969365
25.4054762314,36.3867558717
25.4050621827,36.3866753588
25.4047261771,36.3866576751
25.4043371151,36.386516195
25.4038950022,36.386321664
25.4035236293,36.386321664
25.4032406746,36.3863039804
25.4029754091,36.3861801894
25.4027042732,36.3858934828
25.4021498816,36.3855649588
25.40159549,36.3852569616
25.4012258955,36.3851337616
25.4009178983,36.3851748264
25.4006304391,36.3851132291
25.4004045715,36.3850105671
25.4003019095,36.3848463023
25.4002813771,36.3846204347
25.4003429743,36.3843535079
25.4003224419,36.3840865755
25.4001376447,36.3838607135
25.3996037854,36.3837169811
25.3993163206,36.3838196487
25.3991315234,36.3837785839
25.398987791,36.3834705866
25.3989056614,36.3832241922
25.398412867,36.3828545978
25.3978379429,36.3826492626
25.3972532851,36.3822074117
25.3969449868,36.3818121114
25.3965028739,36.3814937894
25.3962022356,36.3812108403
25.395990021,36.3811754675
25.3958131736,36.3810516765
25.3957070663,36.3807333546
25.3955479081,36.3806449309
25.3952649534,36.3806979873
25.3949820042,36.3803266145
25.3946813659,36.3799906034
25.3944868349,36.3797076542
25.3942923039,36.379283225
25.3939777339,36.3789327859
25.3935054718,36.3787890535
25.3927318635,36.3785725462
25.3919654969,36.3785221267
25.3905154788,36.3785725462
25.3891730008,36.3783989267
25.3878588879,36.3783578619
25.3868117018,36.3783989267
25.3859698509,36.3786658591
25.3853333241,36.3790765183
25.3843477408,36.3794666452
25.383485352,36.3800005044
25.3827138119,36.380700273
25.3824586983,36.3810271581
25.3821096363,36.3814788821
25.3818016446,36.3818484765
25.3816168474,36.3823823358
25.3814320502,36.382792995
25.3813909798,36.3834295218
25.3814936474,36.3840249783
25.3816168474,36.3844972403
25.3817400419,36.3849078995
25.3819043067,36.3853801616
25.3819453715,36.3859550856
25.3818632419,36.3863041476
25.3816373798,36.3866532096
25.3811445854,36.3869201365
25.3804464614,36.3871049337
25.3797483373,36.3872691985
25.3792760809,36.3875155929
25.3788243513,36.3878441225
25.378290492,36.3881110549
25.3779208976,36.3881931846
25.3773870384,36.388213717
25.3769147819,36.3882958522
25.3762987875,36.3883779818
25.3756417338,36.3882958522
25.375128407,36.3881315873
25.3745740154,36.3881315873
25.3739169561,36.3877825253
25.3734036293,36.3875771957
25.3728081729,36.3874129309
25.372294846,36.3873718661
25.3716993896,36.3873102633
25.37137086,36.3875155929
25.3710423303,36.3875977281
25.3706727359,36.3877825253
25.3702620767,36.3881110549
25.3699951443,36.3883574494
25.369707685,36.3886243762
25.3692764934,36.3890145086
25.3689684962,36.3892198382
25.3685783694,36.3894251678
25.3682703722,36.3895072974
25.3670589213,36.389486765
25.3655600112,36.3894046354
25.3647797575,36.3893019678
25.3640816335,36.3891993058
25.3635272418,36.3890555734
25.362788053,36.3888707762
25.3624247917,36.3886913922
25.3618765659,36.3887267595
25.3613990857,36.3888859232
25.3611248781,36.3889939706
25.3608579457,36.3892198382
25.360652616,36.3894251678
25.3604087526,36.3897878326
25.3603557018,36.3901768947
25.3604971763,36.3904952166
25.3608862328,36.3907958494
25.3613637185,36.391008064
25.3612275401,36.3916016696
25.3613422829,36.3923154926
25.3617058397,36.3928867929
25.3623810119,36.3933542215
25.3631781798,36.3936960361
25.3628085854,36.3937987037
25.3625211206,36.3939424361
25.3621515261,36.3941888306
25.3620899289,36.3945378926
25.3622541937,36.3950101546
25.3625827234,36.3953386786
25.362664853,36.3957698759
25.3629003819,36.3962107288
25.3634040418,36.3964885323
25.3631165826,36.3965911943
25.3629728502,36.3968170619
25.3629523178,36.3971250536
25.3628085854,36.3974535832
25.3622771401,36.3978207637
25.3618188098,36.3981404403
25.361266531,36.398469455
25.3605497478,36.3987514731
25.3602324795,36.3989747316
25.3600562174,36.3991979957
25.3599269631,36.399397756
25.3598447108,36.3996210145
25.3598329589,36.3999147846
25.3599152112,36.4001262912
25.3600679694,36.4003025532
25.360514492,36.4006315678
25.3608990105,36.4008620682
25.3612547791,36.4011250926
25.361601968,36.401404379
25.3620283317,36.4017449895
25.3624595234,36.4019092543
25.3628058593,36.4018418814
25.363137115,36.401375395
25.3635272418,36.4015191274
25.3639391108,36.4017159999
25.3643690927,36.4019503191
25.3646360251,36.4022583163
25.3646770899,36.4030385699
25.3647386871,36.4034081644
25.3648387178,36.4037337281
25.3650737282,36.4040509964
25.3648269659,36.4042977588
25.3645332014,36.4047442814
25.3644039415,36.4049557881
25.3643099373,36.4052260543
25.364227685,36.4055198187
25.364227685,36.4057548292
25.3642511833,36.4060250954
25.3642746871,36.4063423637
25.3642041812,36.4066596264
25.3640161728,36.4069533909
25.3639221687,36.4072471609
25.3638751666,36.4075291734
25.3637929143,36.4079521922
25.3637106565,36.4084339706
25.3635461519,36.4087629853
25.363358138,36.4091390076
25.3632406356,36.4093975163
25.3631897366,36.4097801003
25.363194085,36.4101841309
25.3632291512,36.410418595
25.3632913282,36.4106025226
25.3633710383,36.4107890759
25.3635169896,36.4109990828
25.3636707512,36.4111835957
25.3639629045,36.4113681142
25.3643319415,36.4115065003
25.3648239889,36.411783278
25.3651468934,36.4119985477
25.3655195819,36.4124063414
25.3655549492,36.4126716125
25.3654134746,36.4129899344
25.3652896836,36.41332594
25.3653427345,36.4136442619
25.3655146816,36.4143006355
25.3657568892,36.4153233644
25.3661723763,36.4163101574
25.366658754,36.4172558132
25.3671695777,36.4178130759
25.3677268404,36.4181845825
25.3684698593,36.4184167776
25.3690735554,36.4184632167
25.3695906843,36.418533533
25.3699289645,36.4185489142
25.3702057422,36.4185027818
25.3705286467,36.4186873003
25.370759292,36.418841062
25.3709745617,36.4189333212
25.3711967554,36.4189294578
25.3716203708,36.4190563316
25.3719740321,36.4192100989
25.3723276878,36.4193638606
25.3732128837,36.4199462884
25.3737596265,36.4203292013
25.3747938398,36.4210883149
25.3755327331,36.4217476822
25.3758601533,36.4219624167
25.3759478077,36.4222779846
25.3760641617,36.4225775414
25.3762486802,36.4227005519
25.3765088223,36.4227162731
25.3768945171,36.4228565268
25.3772977394,36.423119501
25.3775431805,36.423347409
25.3777185004,36.4235753226
25.3780165352,36.4236980431
25.3784197631,36.4237506369
25.3787242871,36.424053678
25.3790625673,36.4242689477
25.3794931122,36.4245457254
25.3794190607,36.4249603149
25.3793700962,36.4254068041
25.3794162286,36.425714333
25.3796776251,36.4258680947
25.3800677297,36.4258368919
25.3803832976,36.4256440445
25.3807078467,36.4255451902
25.3810307513,36.4254683121
25.3813229046,36.425514439
25.3814151638,36.4256374494
25.3816150579,36.4258680947
25.381814952,36.4259449783
25.3820455973,36.4260372376
25.3820609729,36.4263447665
25.3822591722,36.4265907484
25.3825046189,36.4265907484
25.3827149938,36.426503094
25.3829078412,36.4263803735
25.383083161,36.4263803735
25.3833461297,36.4264505003
25.3835389771,36.4265732208
25.3837269185,36.4267493937
25.3839947987,36.4268011289
25.3842982189,36.4269571428
25.3845558077,36.4270115093
25.3848187819,36.4270641031
25.3849765687,36.4272043567
25.3851977701,36.4272212208
25.3854130398,36.4271443428
25.3856129338,36.4267753059
25.3859665896,36.4267906815
25.3861818593,36.4270213323
25.3864125046,36.4272519776
25.3866585311,36.4275133742
